000001
000006
000008
000020
000023
000035
000037
000042
000050
000058
000059
000066
000077
000078
000089
000090
000093
000098
000106
000107
000117
000122
000124
000134
000137
000143
000151
000153
000159
000167
000168
000170
000175
000182
000186
000187
000188
000196
000197
000199
000201
000203
000204
000207
000211
000213
000223
000229
000230
000231
000234
000235
000236
000242
000249
000260
000263
000265
000266
000268
000270
000272
000278
000283
000284
000289
000291
000297
000301
000302
000305
000307
000308
000311
000314
000315
000321
000324
000333
000340
000345
000346
000347
000351
000354
000361
000362
000369
000370
000372
000377
000379
000381
000382
000383
000386
000388
000394
000396
000397
000399
000403
000404
000407
000409
000413
000419
000420
000422
000427
000436
000440
000446
000448
000450
000451
000452
000455
000472
000473
000476
000477
000478
000479
000480
000481
000491
000492
000493
000495
000496
000498
000508
000509
000512
000517
000519
000521
000533
000536
000542
000545
000546
000548
000551
000559
000560
000564
000568
000572
000583
000588
000590
000595
000604
000610
000611
000613
000614
000619
000620
000624
000644
000647
000650
000655
000657
000658
000659
000660
000667
000674
000682
000691
000698
000700
000702
000704
000706
000717
000718
000722
000727
000734
000737
000746
000748
000750
000754
000756
000766
000769
000773
000778
000790
000795
000800
000801
000804
000807
000810
000811
000812
000819
000826
000838
000841
000843
000844
000847
000850
000852
000862
000863
000875
000878
000885
000894
000909
000911
000912
000916
000922
000923
000926
000930
000931
000932
000938
000942
000944
000948
000952
000953
000956
000958
000961
000963
000966
000969
000971
000976
000983
000985
000986
000999
001008
001010
001011
001013
001018
001019
001022
001026
001037
001039
001042
001043
001046
001051
001055
001058
001063
001066
001071
001078
001083
001088
001094
001096
001097
001104
001107
001108
001114
001115
001116
001118
001123
001125
001127
001129
001131
001133
001134
001135
001138
001140
001144
001145
001148
001150
001154
001155
001163
001172
001173
001177
001180
001183
001191
001192
001193
001194
001195
001198
001199
001206
001207
001213
001214
001222
001225
001226
001230
001234
001235
001241
001245
001249
001252
001253
001255
001257
001265
001266
001268
001270
001271
001272
001281
001284
001289
001291
001292
001294
001308
001329
001330
001332
001333
001334
001336
001337
001339
001344
001350
001355
001359
001363
001365
001374
001376
001377
001380
001384
001386
001387
001391
001398
001415
001416
001424
001427
001431
001432
001437
001439
001441
001451
001463
001466
001477
001478
001480
001481
001488
001489
001502
001507
001511
001513
001514
001516
001517
001521
001522
001527
001533
001536
001537
001538
001542
001547
001549
001555
001560
001565
001567
001569
001577
001579
001585
001589
001591
001594
001600
001602
001603
001605
001606
001616
001617
001627
001631
001633
001645
001647
001650
001658
001664
001665
001675
001680
001689
001694
001699
001705
001713
001714
001719
001733
001741
001745
001762
001765
001768
001772
001774
001776
001778
001780
001781
001782
001783
001786
001794
001804
001807
001817
001822
001828
001844
001851
001852
001854
001858
001861
001862
001863
001868
001869
001872
001875
001881
001885
001887
001888
001890
001892
001893
001905
001919
001926
001928
001929
001931
001933
001942
001943
001946
001952
001959
001966
001977
001978
001979
001980
001982
001983
001984
001985
001986
001989
001995
001999
002000
002001
002002
002010
002011
002014
002019
002021
002022
002036
002037
002042
002043
002044
002045
002050
002052
002054
002058
002062
002073
002074
002075
002076
002078
002086
002089
002093
002094
002100
002103
002113
002115
002120
002123
002124
002128
002135
002138
002139
002140
002160
002161
002163
002165
002166
002173
002177
002179
002182
002188
002196
002200
002201
002215
002218
002220
002228
002245
002246
002250
002255
002257
002260
002262
002272
002276
002280
002283
002286
002287
002298
002303
002306
002307
002308
002327
002329
002334
002336
002337
002338
002340
002341
002345
002348
002356
002357
002359
002362
002366
002369
002376
002378
002380
002383
002384
002385
002387
002392
002393
002397
002399
002404
002405
002411
002414
002415
002424
002425
002429
002432
002433
002439
002440
002454
002455
002457
002458
002462
002473
002474
002476
002477
002479
002486
002492
002495
002497
002499
002502
002505
002516
002519
002525
002526
002530
002532
002539
002541
002546
002557
002562
002564
002565
002568
002570
002575
002584
002594
002598
002600
002601
002602
002603
002604
002615
002619
002621
002625
002628
002630
002633
002635
002644
002645
002651
002653
002661
002673
002674
002675
002677
002681
002685
002692
002702
002711
002712
002715
002720
002721
002722
002724
002725
002726
002730
002740
002742
002744
002745
002746
002747
002752
002753
002760
002764
002767
002786
002789
002793
002796
002797
002800
002804
002806
002810
002812
002814
002815
002820
002827
002828
002831
002836
002839
002841
002844
002848
002853
002867
002876
002877
002880
002889
002890
002891
002893
002895
002900
002901
002902
002908
002919
002934
002944
002945
002948
002951
002953
002958
002959
002961
002962
002963
002964
002978
002979
002984
002985
002991
002993
002997
003001
003007
003010
003011
003019
003022
003027
003029
003033
003038
003043
003048
003052
003053
003056
003058
003061
003065
003066
003067
003080
003088
003096
003099
003102
003106
003107
003110
003116
003118
003126
003127
003134
003135
003136
003142
003159
003161
003162
003165
003167
003172
003174
003175
003177
003180
003183
003187
003190
003199
003202
003203
003210
003216
003217
003221
003222
003226
003228
003229
003236
003242
003247
003251
003254
003257
003259
003265
003266
003269
003272
003275
003276
003281
003288
003292
003298
003300
003301
003304
003305
003312
003313
003318
003324
003330
003337
003338
003341
003346
003347
003350
003353
003357
003364
003365
003368
003373
003375
003393
003396
003399
003402
003405
003406
003407
003408
003411
003417
003421
003425
003434
003443
003465
003466
003467
003469
003470
003471
003478
003480
003481
003482
003495
003496
003497
003502
003515
003517
003519
003527
003528
003535
003552
003554
003557
003558
003562
003563
003568
003571
003573
003574
003584
003588
003600
003608
003611
003614
003616
003618
003623
003624
003631
003633
003635
003643
003645
003647
003652
003653
003658
003661
003668
003676
003678
003684
003692
003702
003705
003718
003726
003746
003748
003750
003751
003753
003755
003764
003775
003778
003779
003782
003807
003809
003814
003826
003828
003834
003835
003837
003859
003860
003869
003870
003872
003873
003878
003880
003886
003890
003894
003897
003902
003905
003914
003915
003923
003924
003931
003937
003938
003943
003948
003958
003964
003977
003984
003992
003998
004001
004002
004003
004008
004021
004026
004032
004033
004036
004040
004042
004048
004049
004059
004061
004065
004068
004072
004074
004077
004079
004081
004082
004089
004092
004095
004096
004100
004101
004110
004113
004117
004119
004125
004126
004128
004132
004142
004143
004148
004149
004152
004155
004156
004158
004171
004172
004173
004175
004188
004189
004190
004195
004202
004206
004210
004214
004220
004222
004224
004226
004232
004237
004242
004246
004248
004249
004250
004254
004256
004271
004275
004280
004281
004282
004284
004288
004289
004293
004301
004303
004305
004306
004309
004311
004318
004319
004321
004323
004324
004326
004329
004335
004338
004342
004350
004353
004364
004369
004373
004374
004385
004392
004397
004398
004403
004404
004407
004415
004419
004421
004429
004430
004434
004437
004444
004450
004452
004460
004465
004469
004470
004474
004475
004481
004482
004486
004489
004490
004494
004501
004508
004513
004517
004519
004521
004528
004529
004532
004540
004541
004542
004553
004556
004567
004569
004570
004573
004576
004581
004582
004585
004588
004591
004596
004598
004608
004612
004615
004618
004624
004626
004629
004632
004633
004634
004636
004638
004640
004647
004650
004651
004655
004657
004658
004666
004668
004669
004679
004693
004697
004698
004699
004700
004705
004709
004710
004714
004715
004718
004724
004726
004730
004732
004734
004737
004738
004739
004742
004743
004753
004756
004763
004769
004770
004777
004782
004783
004790
004791
004797
004800
004804
004807
004811
004816
004821
004825
004829
004830
004831
004835
004846
004859
004860
004861
004863
004867
004873
004874
004881
004885
004887
004896
004898
004903
004904
004907
004918
004920
004926
004927
004931
004932
004934
004938
004943
004958
004959
004979
004985
004986
004989
004990
004995
004996
004999
005004
005008
005013
005014
005019
005032
005034
005038
005040
005049
005050
005053
005062
005065
005068
005074
005075
005077
005078
005079
005080
005081
005082
005094
005095
005101
005108
005109
005110
005112
005121
005122
005124
005125
005127
005128
005138
005145
005147
005156
005161
005162
005163
005166
005167
005168
005170
005172
005174
005176
005179
005182
005184
005189
005190
005191
005194
005197
005201
005206
005213
005218
005221
005226
005227
005230
005236
005256
005262
005268
005271
005273
005276
005279
005287
005292
005299
005307
005308
005309
005313
005316
005318
005321
005322
005323
005325
005329
005333
005334
005336
005337
005341
005342
005343
005347
005350
005368
005372
005378
005379
005381
005385
005386
005390
005404
005413
005415
005423
005431
005434
005437
005441
005443
005448
005449
005450
005452
005458
005472
005476
005479
005481
005484
005486
005487
005495
005511
005514
005523
005528
005531
005534
005536
005538
005545
005546
005555
005556
005557
005558
005560
005566
005570
005576
005577
005581
005582
005584
005586
005590
005595
005600
005610
005613
005619
005623
005625
005631
005635
005643
005652
005653
005660
005662
005672
005676
005677
005680
005683
005698
005700
005706
005707
005708
005709
005712
005717
005724
005727
005728
005729
005735
005740
005741
005745
005746
005747
005754
005763
005765
005777
005783
005785
005790
005793
005794
005800
005805
005806
005807
005811
005812
005820
005826
005827
005829
005840
005841
005843
005852
005857
005869
005878
005879
005881
005883
005885
005887
005901
005905
005906
005909
005910
005912
005913
005914
005916
005921
005931
005933
005938
005944
005948
005952
005958
005961
005963
005965
005969
005970
005972
005984
005985
005986
005988
005996
006001
006005
006009
006012
006013
006016
006028
006029
006030
006033
006036
006038
006039
006041
006042
006043
006044
006045
006046
006048
006052
006054
006058
006067
006068
006074
006078
006093
006096
006097
006098
006103
006107
006114
006115
006117
006118
006121
006122
006125
006126
006133
006136
006146
006152
006154
006163
006168
006185
006186
006187
006196
006202
006204
006208
006219
006228
006229
006240
006244
006246
006247
006249
006250
006263
006265
006266
006267
006269
006272
006273
006274
006275
006280
006286
006287
006288
006297
006300
006305
006306
006312
006314
006315
006317
006322
006340
006343
006344
006349
006351
006353
006354
006356
006357
006369
006371
006381
006385
006386
006388
006391
006394
006405
006406
006409
006410
006411
006415
006424
006425
006435
006436
006437
006439
006440
006441
006445
006451
006452
006453
006464
006465
006468
006472
006473
006474
006475
006482
006484
006491
006493
006498
006505
006506
006507
006514
006516
006520
006521
006529
006531
006534
006535
006537
006542
006551
006555
006556
006558
006560
006561
006563
006569
006578
006586
006590
006592
006593
006595
006596
006597
006602
006603
006604
006611
006613
006614
006618
006623
006624
006625
006626
006628
006629
006633
006643
006647
006649
006651
006655
006659
006664
006666
006676
006677
006678
006679
006682
006685
006686
006692
006693
006694
006696
006712
006714
006715
006719
006725
006732
006733
006737
006738
006741
006744
006745
006747
006751
006752
006754
006755
006756
006758
006760
006764
006765
006768
006771
006778
006780
006781
006783
006791
006794
006796
006798
006800
006803
006808
006811
006812
006819
006829
006833
006837
006844
006847
006850
006853
006855
006858
006860
006866
006872
006879
006881
006882
006884
006885
006887
006889
006891
006897
006898
006900
006901
006906
006907
006910
006914
006917
006925
006936
006937
006943
006944
006950
006954
006955
006956
006959
006960
006962
006964
006968
006982
006989
006990
006997
007008
007010
007011
007014
007019
007022
007023
007027
007031
007032
007033
007034
007037
007047
007048
007053
007056
007065
007068
007074
007076
007079
007080
007081
007083
007085
007088
007091
007095
007103
007110
007117
007119
007120
007122
007130
007133
007135
007136
007144
007146
007149
007154
007158
007161
007163
007164
007168
007172
007176
007177
007178
007180
007182
007183
007187
007194
007201
007205
007208
007210
007214
007217
007219
007225
007229
007232
007235
007238
007242
007244
007252
007260
007261
007271
007272
007273
007278
007288
007290
007294
007300
007302
007303
007304
007311
007319
007325
007327
007331
007339
007342
007343
007344
007345
007350
007353
007359
007364
007371
007380
007381
007382
007383
007389
007396
007398
007403
007409
007410
007412
007419
007420
007422
007424
007426
007433
007434
007436
007437
007439
007440
007445
007447
007448
007453
007463
007464
007469
007475
007477
007478
007480
